function [gen,bus,Lnbr_all,trsfm,shtc,shtr,vctr,sysdt]=data1060_test()
% Power Flow Data IEEE 1060-BUS Test System(Distributed Networks)
%
% Author(s):Chao Lei
% $Date:2022/08/13 17:03$


% IEEE 1060-BUS Distribution TEST SYSTEM
%
% -------------------- Bus Data ----------------- %
%        Bus  Bus   ---Load---    -Injected-  Vol   Ang   ---Vol---
%        No   Type  MW    Mvar     GS   Bs    Mag.  Deg.  Min  Max
bus = [   
  1	3	0	0	0	0	1	0	0.9	1.1
2	1	20	10	0	0	1	0	0.9	1.1
3	1	0	0	0	0	1	0	0.9	1.1
4	1	40	20	0	0	1	0	0.9	1.1
5	1	20	10	0	0	1	0	0.9	1.1
6	1	40	20	0	0	1	0	0.9	1.1
7	1	20	10	0	0	1	0	0.9	1.1
8	1	0	0	0	0	1	0	0.9	1.1
9	1	40	20	0	0	1	0	0.9	1.1
10	1	20	10	0	0	1	0	0.9	1.1
11	1	40	20	0	0	1	0	0.9	1.1
12	1	20	10	0	0	1	0	0.9	1.1
13	1	20	10	0	0	1	0	0.9	1.1
14	1	20	10	0	0	1	0	0.9	1.1
15	1	20	10	0	0	1	0	0.9	1.1
16	1	40	20	0	0	1	0	0.9	1.1
17	1	20	10	0	0	1	0	0.9	1.1
18	1	40	10	0	0	1	0	0.9	1.1
19	1	40	20	0	0	1	0	0.9	1.1
20	1	40	20	0	0	1	0	0.9	1.1
21	1	0	0	0	0	1	0	0.9	1.1
22	1	40	20	0	0	1	0	0.9	1.1
23	1	0	0	0	0	1	0	0.9	1.1
24	1	40	20	0	0	1	0	0.9	1.1
25	1	0	0	0	0	1	0	0.9	1.1
26	1	0	0	0	0	1	0	0.9	1.1
27	1	0	0	0	0	1	0	0.9	1.1
28	1	40	20	0	0	1	0	0.9	1.1
29	1	40	20	0	0	1	0	0.9	1.1
30	1	40	20	0	0	1	0	0.9	1.1
31	1	20	10	0	0	1	0	0.9	1.1
32	1	20	10	0	0	1	0	0.9	1.1
33	1	40	20	0	0	1	0	0.9	1.1
34	1	40	20	0	0	1	0	0.9	1.1
35	1	40	20	0	0	1	0	0.9	1.1
36	1	0	0	0	0	1	0	0.9	1.1
37	1	40	20	0	0	1	0	0.9	1.1
38	1	20	10	0	0	1	0	0.9	1.1
39	1	20	10	0	0	1	0	0.9	1.1
40	1	0	0	0	0	1	0	0.9	1.1
41	1	20	10	0	0	1	0	0.9	1.1
42	1	20	10	0	0	1	0	0.9	1.1
43	1	40	20	0	0	1	0	0.9	1.1
44	1	0	0	0	0	1	0	0.9	1.1
45	1	20	10	0	0	1	0	0.9	1.1
46	1	20	10	0	0	1	0	0.9	1.1
47	1	0 0	0	0	1	0	0.9	1.1
48	1	0 0	0	0	1	0	0.9	1.1
49	1	140	95	0	0	1	0	0.9	1.1
50	1	40	20	0	0	1	0	0.9	1.1
51	1	20	10	0	0	1	0	0.9	1.1
52	1	40	20	0	0	1	0	0.9	1.1
53	1	40	20	0	0	1	0	0.9	1.1
54	1	0	0	0	0	1	0	0.9	1.1
55	1	140	100	0	0	1	0	0.9	1.1
56	1	20	10	0	0	1	0	0.9	1.1
57	1	0	0	0	0	1	0	0.9	1.1
58	1	20	10	0	0	1	0	0.9	1.1
59	1	20	10	0	0	1	0	0.9	1.1
60	1	20	10	0	0	1	0	0.9	1.1
61	1	0	0	0	0	1	0	0.9	1.1
62	1	40	20	0	0	1	0	0.9	1.1
63	1	40	20	0	0	1	0	0.9	1.1
64	1	0	0	0	0	1	0	0.9	1.1
65	1	0  0	0	0	1	0	0.9	1.1
66	1	0	0	0	0	1	0	0.9	1.1
67	1	0	0	0	0	1	0	0.9	1.1
68	1	20	10	0	0	1	0	0.9	1.1
69	1	0	0	0	0	1	0	0.9	1.1
70	1	20	10	0	0	1	0	0.9	1.1
71	1	0	0	0	0	1	0	0.9	1.1
72	1	0	0	0	0	1	0	0.9	1.1
73	1	0	0	0	0	1	0	0.9	1.1
74	1	0	0	0	0	1	0	0.9	1.1
75	1	0	0	0	0	1	0	0.9	1.1
76	1	0	0	0	0	1	0	0.9	1.1
77	1	40	20	0	0	1	0	0.9	1.1
78	1	0	0	0	0	1	0	0.9	1.1
79	1	40	20	0	0	1	0	0.9	1.1
80	1	40	20	0	0	1	0	0.9	1.1
81	1	0	0	0	0	1	0	0.9	1.1
82	1	40	20	0	0	1	0	0.9	1.1
83	1	20	10	0	0	1	0	0.9	1.1
84	1	20	10	0	0	1	0	0.9	1.1
85	1	40	20	0	0	1	0	0.9	1.1
86	1	20	10	0	0	1	0	0.9	1.1
87	1	40	20	0	0	1	0	0.9	1.1
88	1	40	20	0	0	1	0	0.9	1.1
89	1	0	0	0	0	1	0	0.9	1.1
90	1	210	150	0	0	1	0	0.9	1.1   %DG
91	1	210	150	0	0	1	0	0.9	1.1
92	1	40	20	0	0	1	0	0.9	1.1
93	1	0	0	0	0	1	0	0.9	1.1
94	1	40	20	0	0	1	0	0.9	1.1
95	1	20	10	0	0	1	0	0.9	1.1
96	1	20	10	0	0	1	0	0.9	1.1
97	1	0	0	0	0	1	0	0.9	1.1
98	1	40	20	0	0	1	0	0.9	1.1
99	1	40	20	0	0	1	0	0.9	1.1
100	1	40	20	0	0	1	0	0.9	1.1
101	1	0	0	0	0	1	0	0.9	1.1
102	1	20	10	0	0	1	0	0.9	1.1
103	1	40	20	0	0	1	0	0.9	1.1
104	1	40	20	0	0	1	0	0.9	1.1
105	1	0	0	0	0	1	0	0.9	1.1
106	1	40	20	0	0	1	0	0.9	1.1
107	1	40	20	0	0	1	0	0.9	1.1
108	1	0	0	0	0	1	0	0.9	1.1
109	1	40	20	0	0	1	0	0.9	1.1
110	1	0	0	0	0	1	0	0.9	1.1
111	1	20	10	0	0	1	0	0.9	1.1
112	1	20	10	0	0	1	0	0.9	1.1
113	1	40	20	0	0	1	0	0.9	1.1
114	1	210	150	0	0	1	0	0.9	1.1  % DG
115	1	0	0	0	0	1	0	0.9	1.1
116	1	0	0	0	0	1	0	0.9	1.1
117	1	0	0	0	0	1	0	0.9	1.1
118	1	0	0	0	0	1	0	0.9	1.1
119	1	0	0	0	0	1	0	0.9	1.1
120	1	0	0	0	0	1	0	0.9	1.1
121	1	0	0	0	0	1	0	0.9	1.1
122	1	0	0	0	0	1	0	0.9	1.1
123	1	40	20	0	0	1	0	0.9	1.1
124	1	40	20	0	0	1	0	0.9	1.1
125	1	40	20	0	0	1	0	0.9	1.1
126	1	40	20	0	0	1	0	0.9	1.1
127	1	40	20	0	0	1	0	0.9	1.1
128	1	40	20	0	0	1	0	0.9	1.1
129	1	40	20	0	0	1	0	0.9	1.1
130	1	105	75	0	0	1	0	0.9	1.1
131	1	40	20	0	0	1	0	0.9	1.1
132	1	40	20	0	0	1	0	0.9	1.1
133	1	40	20	0	0	1	0	0.9	1.1
134	1	40	20	0	0	1	0	0.9	1.1
135	1	40	20	0	0	1	0	0.9	1.1
136	1	40	20	0	0	1	0	0.9	1.1
137	1	40	20	0	0	1	0	0.9	1.1
138	1	40	20	0	0	1	0	0.9	1.1
139	1	40	20	0	0	1	0	0.9	1.1
140	1	40	20	0	0	1	0	0.9	1.1
141	1	0	0	0	0	1	0	0.9	1.1
142	1	10	0	0	0	1	0	0.9	1.1
143	1	10	0	0	0	1	0	0.9	1.1
144	1	10	0	0	0	1	0	0.9	1.1
145	1	20	5	0	0	1	0	0.9	1.1
146	1	20	5	0	0	1	0	0.9	1.1
147	1	40	5	0	0	1	0	0.9	1.1
148	1	40	10	0	0	1	0	0.9	1.1
149	1	20	5	0	0	1	0	0.9	1.1
150	1	20	2	0	0	1	0	0.9	1.1
151	1	20	2	0	0	1	0	0.9	1.1
152	1	40	1	0	0	1	0	0.9	1.1
153	1	40	2	0	0	1	0	0.9	1.1
154	1	20   1	0	0	1	0	0.9	1.1
155	1	20	2	0	0	1	0	0.9	1.1
156	1	20	0	0	0	1	0	0.9	1.1
157	1	20	2	0	0	1	0	0.9	1.1
    ];
% -------------------- Gen Data ----------------- %
%      Bus    --Gen--   ---Q---   Vol
%       NO.   MW   MVA  Max  Min  Mag.
gen = [ 
	  	1	 0.5   0	1.5  -0.2	   1.07
      ];
% Note: sequence should be like ref+pv
  
  
% -------------------- Line Data ----------------- %
%      LnBR.  Bus   Bus    R      X     1/2 B     switch
%       NO.   from   to   p.u.   p.u.    p.u.     status         
