

function [gen,bus,Lnbr_all,trsfm,shtc,shtr,vctr,sysdt]=data57_test()
% Power Flow Data IEEE 57-bus system Test System
%
%   Based on data from ...
%     F.Li and R.Bo, "Small Test Systems for Power System Economic Studies",
%     Proceedings of the 2010 IEEE Power & Energy Society General Meeting

% Author(s):Chao Lei
% $Date:2023/02/02 10:35$

% IEEE 57-BUS TEST SYSTEM 
%
% -------------------- Bus Data ----------------- %
%        Bus  Bus   ---Load---    -Injected-  Vol   Ang   ---Vol---
%        No   Type  MW    Mvar     GS   Bs    Mag.  Deg.  Min  Max
bus = [
    1	3	-55	    -17	0	0		1.04	   0	     0.94	1.06
    2	2	-3   -88	0	0		1.01	-1.18		0.94	1.06
    3	2	-41  -21	0	0		0.985	-5.97		0.94	1.06
    4	1	0	     0	0	0		0.981	-7.32		0.94	1.06
    5	1	-13	    -4	0	0		0.976	-8.52		0.94	1.06
    6	2	-75  -2	0	0		0.98	-8.65		0.94	1.06
    7	1	0	     0	0	0		0.984	-7.58		0.94	1.06
    8	2	-150 -22	0	0		1.005	-4.45		0.94	1.06
    9	2	-121 -26	0	0		0.98	-9.56		0.94	1.06
    10	1	-5	    -2	0	0		0.986	-11.43		0.94	1.06
    11	1	0	     0	0	0		0.974	-10.17		0.94	1.06
    12	2	-377 -24	0	0		1.015	-10.46		0.94	1.06
    13	1	-18	  -2.3	0	0		0.979	-9.79		0.94	1.06
    14	1	-10.5 -5.3	0	0		0.97	-9.33		0.94	1.06
    15	1	-22	    -5	 0	0		0.988	-7.18		0.94	1.06
    16	1	-43	    -3	 0	0		1.013	-8.85		0.94	1.06
    17	1	-42	    -8	 0	0		1.017	-5.39		0.94	1.06
    18	1	-27.2	0	0	0		1.001	-11.71		0.94	1.06
    19	1	-3.3	-0.6	0	0		0.97	-13.2		0.94	1.06
    20	1	-2.3    -1	    0	0		0.964	-13.41		0.94	1.06
    21	1	0	     0	    0	0		1.008	-12.89		0.94	1.06
    22	1	0	     0	    0	0		1.01	-12.84		0.94	1.06
    23	1	-6.3  -2.1	    0	0		1.008	-12.91		0.94	1.06
    24	1	0	     0	    0	0		0.999	-13.25		0.94	1.06
    25	1	-6.3	0	0	0		0.982	-18.13		0.94	1.06
    26	1	0	     0	    0	0		0.959	-12.95		0.94	1.06
    27	1	-9.3	-0.5	0	0		0.982	-11.48		0.94	1.06
    28	1	-4.6	-2.3	0	0		0.997	-10.45		0.94	1.06
    29	1	-17	    -2.6	0	0		1.01	-9.75		0.94	1.06
    30	1	-3.6	-1.8	0	0		0.962	-18.68		0.94	1.06
    31	1	-5.8	-2.9	0	0		0.936	-19.34		0.94	1.06
    32	1	-1.6	-0.8	0	0		0.949	-18.46		0.94	1.06
    33	1	-3.8	-1.9	0	0		0.947	-18.5		0.94	1.06
    34	1	0	     0	    0	0		0.959	-14.1		0.94	1.06
    35	1	-6	    -3	    0	0		0.966	-13.86		0.94	1.06
    36	1	0	     0	    0	0		0.976	-13.59		0.94	1.06
    37	1	0	     0	    0	0		0.985	-13.41		0.94	1.06
    38	1	-14	    -7	    0	0		1.013	-12.71		0.94	1.06
    39	1	0	     0	    0	0		0.983	-13.46		0.94	1.06
    40	1	0	     0	    0	0		0.973	-13.62		0.94	1.06
    41	1	-6.3	-3	    0	0		0.996	-14.05		0.94	1.06
    42	1	-7.1	-4.4	0	0		0.966	-15.5		0.94	1.06
    43	1	-2	    -1	    0	0		1.01	-11.33		0.94	1.06
    44	1	-12	    -1.8	0	0		1.017	-11.86		0.94	1.06
    45	1	0	     0	    0	0		1.036	-9.25		0.94	1.06
    46	1	0	     0	    0	0		1.05	-11.89		0.94	1.06
    47	1	-29.7	-11.6	0	0		1.033	-12.49		0.94	1.06
    48	1	0	     0	    0	0		1.027	-12.59		0.94	1.06
    49	1	-18	    -8.5	0	0		1.036	-12.92		0.94	1.06
    50	1	-21	   -10.5	0	0		1.023	-13.39		0.94	1.06
    51	1	-18	    -5.3	0	0		1.052	-12.52		0.94	1.06
    52	1	-4.9	-2.2	0	0		0.98	-11.47		0.94	1.06
    53	1	-20	     0	    0	0	    0.971	-12.23		0.94	1.06
    54	1	-4.1	-1.4	0	0		0.996	-11.69		0.94	1.06
    55	1	-6.8	-3.4	0	0		1.031	-10.78		0.94	1.06
    56	1	-7.6	-2.2	0	0		0.968	-16.04		0.94	1.06
    57	1	-6.7	-2	    0	0		0.965	-16.56		0.94	1.06
    ];


% -------------------- Gen Data ----------------- %
%      Bus    --Gen--   ---Q---   Vol     gen     ---P---    gen_cost_b
%       NO.   MW   MVA  Max  Min  Mag.   status    max min     
gen = [ 
    1	 575.8800 	-4.9471   	200	-140	 1.0073	1    575.88		20 10
	2	  20	   49.9998	    50	-17 	   1.0016		1	100	20 17.5
	3	 20         60.0999 	60.1	-10	  	   1.0064	1	140	20 18.5
	6	  57.5384	 25.1999   	25.2	-8		    1.0366	1	200	20 17
	8	  350.0000	134.5993 	200	-140	 1.0566  1	350	20 11
	9	   20.0000	  -2.6500	9	    -3	 1.0031	1	100	20 18.5
	12	   245.0869  93.3633	155.1	   -150	  0.9917	1	410	20 15.5
      ];
% Note: sequence should be like ref+pv

% -------------------- Line Data ----------------- %
%      LnBR.  Bus   Bus    R      X     1/2 B     switch   Cap.  angmin  angmax
%       NO.   from   to   p.u.   p.u.    p.u.     status   MW      
